0
2
2
2
3
12
14
18
19
20
21
21
23
23
24
25
26
29
29
30
32
33
34
34
38
38
40
45
46
47
47
50
51
58
58
60
62
66
70
74
80
82
83
83
84
85
88
91
95
98
100
104
108
111
111
111
112
114
114
114
114
115
123
125
126
126
127
127
129
130
130
130
131
132
136
136
141
142
144
144
145
147
148
149
150
151
151
152
153
160
160
162
162
170
170
176
176
180
182
182
184
184
187
194
194
202
205
208
208
209
211
217
220
222
222
223
224
227
228
231
231
232
233
237
240
242
243
245
246
248
248
249
250
250
251
252
253
261
261
263
265
267
268
273
274
274
275
276
281
283
286
287
289
291
293
300
301
303
304
305
305
307
308
309
313
316
316
317
325
325
328
328
333
335
341
345
345
346
348
349
350
351
362
363
364
370
373
373
376
379
380
381
382
382
383
384
384
386
389
390
390
392
392
395
398
404
405
406
407
408
408
409
414
418
418
418
420
421
428
430
431
435
435
435
440
442
448
448
448
450
460
461
462
472
472
472
473
475
475
476
478
479
485
486
487
489
491
493
494
495
496
500
502
509
509
511
512
514
515
515
516
516
518
519
521
523
523
528
534
537
538
539
540
544
544
544
545
546
552
559
560
560
562
564
564
565
567
568
572
578
579
580
582
582
583
584
586
588
588
588
590
592
595
603
607
608
615
616
617
619
619
620
620
620
623
626
626
628
634
638
640
641
641
642
643
643
645
646
648
648
649
649
651
652
656
659
660
661
663
664
664
667
670
674
678
679
679
680
680
681
683
684
687
687
690
690
692
694
695
697
698
698
701
702
709
709
710
710
712
712
713
714
714
714
721
721
722
724
728
730
731
733
734
738
738
741
743
745
746
747
751
753
753
754
755
760
760
766
768
768
772
773
773
776
776
776
777
779
779
781
784
788
791
792
796
798
798
799
802
804
806
807
807
809
811
811
812
817
820
822
824
827
827
828
837
837
840
843
843
843
847
855
856
859
861
862
862
864
864
864
870
875
877
882
882
882
886
886
887
888
890
891
895
898
898
899
899
901
902
904
905
907
909
909
917
917
919
920
921
924
925
926
926
928
928
932
932
936
936
937
941
941
943
944
944
950
951
952
952
958
958
960
960
960
962
967
970
973
974
977
979
981
983
988
989
991
992
993
994
998
999
999
1003
1004
1006
1006
1007
1013
1014
1017
1019
1019
1019
1021
1021
1022
1024
1025
1027
1027
1030
1033
1034
1035
1036
1037
1038
1038
1040
1040
1041
1044
1046
1046
1047
1049
1049
1050
1055
1055
1057
1058
1058
1058
1059
1059
1059
1061
1063
1063
1069
1074
1079
1091
1091
1091
1092
1092
1094
1095
1098
1100
1100
1103
1104
1106
1112
1117
1120
1122
1129
1129
1136
1137
1140
1141
1142
1147
1148
1148
1149
1149
1152
1152
1154
1157
1159
1161
1161
1170
1171
1174
1176
1178
1181
1181
1184
1187
1188
1189
1190
1191
1191
1196
1196
1201
1201
1205
1209
1209
1209
1212
1213
1216
1216
1216
1217
1220
1220
1226
1233
1235
1240
1241
1242
1248
1250
1250
1251
1251
1253
1254
1256
1263
1263
1264
1265
1267
1270
1271
1271
1271
1273
1274
1275
1280
1289
1289
1289
1290
1292
1292
1293
1294
1295
1296
1297
1298
1298
1302
1303
1304
1307
1308
1309
1312
1313
1314
1319
1323
1326
1327
1328
1329
1332
1334
1335
1337
1340
1340
1341
1342
1343
1347
1348
1348
1349
1349
1351
1352
1354
1355
1358
1359
1359
1360
1367
1368
1369
1370
1370
1378
1381
1388
1391
1393
1397
1399
1399
1399
1400
1402
1408
1408
1409
1409
1410
1415
1415
1420
1424
1426
1429
1434
1434
1435
1436
1438
1440
1441
1448
1448
1452
1452
1456
1456
1459
1462
1464
1465
1471
1473
1476
1482
1484
1485
1486
1487
1488
1489
1491
1493
1494
1497
1498
1501
1506
1507
1507
1510
1511
1512
1513
1514
1517
1518
1519
1519
1519
1522
1523
1523
1526
1529
1530
1530
1531
1533
1535
1538
1539
1541
1542
1543
1544
1545
1545
1547
1552
1556
1557
1558
1559
1559
1560
1572
1572
1576
1576
1577
1578
1585
1595
1600
1601
1603
1610
1610
1613
1615
1621
1627
1628
1631
1635
1638
1638
1638
1640
1640
1642
1645
1645
1646
1654
1657
1660
1660
1662
1666
1669
1672
1673
1676
1676
1678
1679
1679
1682
1686
1690
1691
1692
1696
1702
1709
1710
1712
1713
1714
1715
1729
1734
1736
1737
1737
1737
1738
1741
1743
1744
1748
1749
1752
1755
1757
1759
1760
1763
1765
1765
1766
1768
1772
1773
1775
1779
1785
1785
1786
1789
1793
1794
1795
1796
1798
1798
1800
1802
1802
1804
1805
1807
1807
1808
1808
1810
1814
1814
1814
1815
1820
1820
1821
1822
1823
1831
1833
1834
1836
1844
1846
1849
1849
1851
1853
1857
1861
1864
1866
1868
1869
1872
1878
1879
1879
1881
1882
1882
1883
1885
1886
1888
1891
1894
1899
1900
1901
1901
1901
1903
1909
1913
1917
1919
1920
1921
1921
1924
1925
1927
1930
1930
1931
1932
1932
1935
1935
1935
1943
1947
1951
1955
1959
1963
1966
1968
1970
1971
1971
1975
1977
1977
1982
1985
1986
1988
1991
1994
1995
1995
1999
2000
2001
2002
2004
2011
2011
2014
2022
2023
2030
2031
2033
2035
2040
2042
2045
2046
2047
2048
2049
2050
2053
2055
2055
2057
2063
2066
2066
2069
2070
2074
2077
2078
2079
2082
2090
2092
2093
2096
2103
2105
2113
2114
2115
2118
2121
2123
2124
2125
2126
2130
2139
2141
2142
2145
2150
2151
2155
2155
2156
2162
2162
2163
2165
2169
2170
2170
2173
2175
2177
2178
2178
2178
2178
2178
2179
2181
2184
2184
2185
2186
2188
2189
2190
2193
2197
2200
2205
2207
2213
2213
2215
2215
2217
2218
2224
2231
2233
2236
2239
2240
2243
2243
2244
2245
2246
2247
2247
2247
2248
2249
2250
2257
2257
2260
2263
2264
2265
2266
2268
2268
2269
2271
2276
2282
2282
2286
2289
2293
2294
2294
2298
2301
2302
2302
2314
2322
2323
2323
2324
2324
2326
2329
2334
2334
2338
2338
2340
2345
2346
2348
2349
2350
2354
2354
2357
2358
2358
2359
2362
2364
2364
2373
2373
2378
2381
2383
2386
2388
2389
2391
2392
2393
2396
2398
2399
2402
2404
2407
2411
2411
2412
2421
2421
2422
2422
2423
2423
2427
2429
2429
2433
2435
2438
2439
2439
2440
2443
2444
2446
2446
2447
2448
2449
2449
2449
2452
2452
2454
2455
2455
2457
2458
2459
2460
2463
2463
2466
2466
2468
2472
2474
2475
2475
2477
2480
2482
2484
2485
2485
2487
2488
2492
2502
2502
2506
2509
2511
2512
2515
2516
2517
2520
2522
2524
2525
2530
2541
2541
2545
2546
2546
2547
2551
2554
2555
2556
2557
2559
2560
2560
2562
2563
2563
2571
2573
2580
2582
2584
2587
2588
2589
2590
2594
2594
2600
2603
2606
2606
2608
2609
2610
2610
2612
2612
2613
2613
2614
2617
2618
2619
2623
2624
2624
2624
2626
2626
2628
2629
2630
2632
2635
2639
2639
2640
2641
2643
2644
2645
2648
2651
2651
2653
2657
2658
2658
2658
2663
2664
2664
2666
2666
2668
2668
2668
2669
2677
2687
2688
2688
2689
2699
2699
2701
2702
2704
2705
2706
2710
2711
2713
2713
2713
2714
2714
2716
2719
2724
2725
2725
2725
2726
2737
2737
2738
2738
2738
2739
2740
2741
2741
2741
2742
2743
2745
2747
2754
2755
2759
2761
2761
2765
2766
2766
2769
2769
2773
2774
2775
2776
2776
2782
2786
2792
2797
2799
2800
2802
2802
2804
2805
2809
2809
2810
2810
2813
2814
2815
2825
2827
2831
2833
2834
2835
2835
2837
2840
2842
2846
2850
2850
2852
2856
2857
2862
2868
2869
2871
2872
2873
2873
2875
2875
2875
2877
2877
2879
2882
2883
2883
2885
2885
2885
2886
2886
2889
2890
2893
2893
2894
2895
2895
2911
2911
2912
2915
2915
2916
2920
2922
2924
2932
2936
2936
2938
2942
2942
2944
2945
2946
2947
2947
2948
2948
2949
2950
2950
2951
2958
2962
2963
2966
2966
2968
2968
2969
2975
2978
2979
2984
2984
2985
2986
2990
2992
2995
2995
2995
2999
3001
3002
3007
3013
3014
3015
3016
3017
3017
3020
3020
3021
3023
3023
3026
3028
3030
3031
3031
3031
3037
3041
3042
3044
3045
3046
3047
3048
3053
3056
3056
3061
3062
3064
3065
3067
3069
3070
3071
3073
3075
3075
3077
3083
3083
3084
3084
3086
3086
3089
3095
3096
3098
3100
3100
3101
3101
3104
3105
3107
3107
3107
3115
3118
3120
3121
3121
3122
3123
3124
3125
3126
3127
3128
3131
3131
3131
3133
3136
3137
3137
3138
3152
3153
3153
3156
3156
3156
3158
3161
3164
3164
3165
3166
3167
3172
3177
3177
3178
3180
3183
3184
3184
3189
3193
3195
3197
3197
3200
3202
3204
3214
3217
3217
3218
3218
3218
3219
3219
3220
3220
3222
3224
3226
3226
3229
3230
3234
3235
3240
3240
3243
3244
3244
3246
3249
3254
3261
3261
3264
3272
3274
3275
3275
3277
3277
3279
3280
3280
3286
3288
3288
3288
3290
3290
3294
3294
3297
3300
3304
3305
3308
3313
3315
3315
3315
3317
3318
3320
3321
3326
3327
3333
3335
3335
3339
3341
3341
3342
3342
3344
3349
3357
3360
3362
3366
3367
3370
3372
3373
3382
3382
3385
3388
3388
3389
3390
3392
3401
3405
3406
3406
3409
3410
3412
3412
3414
3415
3415
3416
3417
3418
3420
3421
3423
3425
3425
3426
3427
3428
3429
3431
3433
3434
3437
3438
3439
3440
3447
3447
3448
3448
3448
3449
3452
3457
3460
3460
3464
3465
3468
3473
3475
3477
3479
3481
3482
3485
3485
3485
3486
3487
3495
3495
3502
3502
3504
3507
3509
3509
3510
3514
3516
3518
3519
3522
3525
3526
3527
3527
3528
3529
3531
3532
3534
3534
3537
3539
3540
3548
3549
3551
3552
3557
3559
3561
3562
3563
3564
3567
3571
3572
3576
3580
3583
3583
3584
3588
3590
3591
3596
3598
3598
3599
3600
3600
3600
3601
3602
3606
3607
3611
3611
3611
3612
3613
3617
3620
3622
3623
3625
3625
3626
3627
3630
3633
3636
3638
3648
3650
3653
3653
3659
3662
3662
3664
3667
3671
3675
3676
3680
3680
3684
3686
3690
3691
3692
3695
3699
3702
3704
3704
3705
3707
3710
3711
3712
3712
3714
3717
3717
3717
3719
3720
3723
3723
3728
3729
3733
3733
3736
3738
3747
3747
3748
3752
3754
3755
3756
3758
3762
3763
3767
3768
3778
3778
3783
3784
3789
3790
3791
3793
3793
3795
3797
3799
3801
3802
3807
3808
3811
3812
3812
3813
3817
3821
3826
3827
3835
3838
3839
3840
3841
3843
3844
3846
3847
3847
3850
3850
3852
3852
3853
3853
3856
3857
3861
3862
3867
3870
3873
3875
3881
3883
3885
3891
3894
3895
3898
3899
3899
3901
3901
3901
3903
3903
3903
3905
3905
3909
3911
3912
3913
3916
3916
3917
3918
3918
3918
3918
3920
3922
3925
3927
3930
3930
3934
3934
3937
3942
3942
3943
3946
3955
3957
3961
3961
3965
3966
3967
3971
3971
3972
3974
3974
3975
3976
3980
3982
3982
3989
3991
3995
3996
3997
3997
3999
4001
4002
4011
4014
4015
4018
4022
4023
4023
4024
4032
4033
4038
4045
4045
4047
4049
4050
4050
4053
4054
4055
4056
4057
4057
4057
4058
4058
4060
4061
4063
4073
4078
4079
4081
4081
4091
4091
4092
4093
4093
4102
4103
4103
4105
4105
4107
4109
4109
4110
4112
4113
4116
4116
4122
4125
4128
4129
4131
4133
4136
4136
4137
4138
4138
4140
4143
4145
4146
4149
4151
4152
4154
4155
4155
4158
4159
4160
4161
4161
4161
4162
4165
4165
4168
4169
4169
4170
4170
4172
4173
4173
4173
4173
4174
4174
4176
4176
4180
4183
4186
4188
4188
4189
4190
4197
4201
4202
4205
4206
4209
4212
4213
4213
4221
4223
4224
4224
4227
4228
4229
4230
4230
4232
4236
4244
4247
4251
4253
4254
4255
4255
4256
4263
4268
4269
4269
4270
4272
4272
4273
4273
4273
4274
4275
4278
4280
4285
4287
4288
4289
4289
4292
4292
4292
4293
4294
4296
4299
4301
4304
4310
4312
4312
4312
4314
4315
4317
4319
4322
4324
4324
4324
4328
4329
4330
4333
4333
4335
4336
4340
4342
4343
4343
4343
4345
4346
4350
4353
4354
4358
4359
4360
4362
4363
4365
4366
4367
4368
4372
4373
4374
4374
4378
4383
4384
4384
4389
4389
4390
4390
4396
4397
4397
4401
4401
4402
4402
4403
4407
4410
4411
4413
4414
4416
4417
4418
4423
4424
4435
4437
4440
4443
4443
4444
4445
4451
4454
4458
4459
4459
4464
4464
4465
4465
4467
4467
4467
4478
4482
4483
4486
4486
4486
4487
4489
4494
4495
4496
4499
4500
4500
4501
4502
4502
4504
4505
4505
4505
4506
4507
4508
4509
4510
4510
4513
4516
4517
4518
4519
4520
4521
4524
4525
4526
4527
4528
4529
4529
4529
4529
4530
4530
4533
4534
4534
4537
4538
4538
4539
4541
4543
4547
4547
4547
4548
4549
4549
4554
4555
4555
4558
4560
4565
4566
4569
4573
4574
4575
4577
4580
4580
4585
4589
4591
4591
4596
4596
4599
4599
4603
4604
4605
4606
4607
4608
4611
4612
4614
4614
4617
4619
4619
4620
4620
4622
4623
4623
4624
4625
4627
4629
4635
4635
4638
4642
4646
4646
4650
4652
4654
4656
4657
4658
4658
4661
4661
4663
4666
4666
4673
4675
4676
4677
4679
4680
4687
4687
4687
4690
4691
4692
4695
4696
4697
4697
4700
4701
4707
4720
4721
4722
4723
4725
4725
4731
4732
4734
4736
4738
4741
4741
4743
4744
4746
4758
4759
4760
4765
4766
4770
4774
4775
4775
4780
4782
4784
4786
4787
4789
4795
4796
4799
4801
4801
4803
4805
4808
4811
4814
4814
4815
4817
4818
4819
4820
4824
4826
4829
4830
4831
4834
4839
4840
4843
4851
4851
4852
4854
4854
4855
4857
4860
4863
4867
4868
4871
4873
4878
4879
4881
4881
4885
4886
4888
4890
4892
4892
4893
4894
4894
4895
4899
4899
4902
4903
4903
4904
4907
4908
4910
4911
4917
4918
4918
4920
4927
4928
4933
4933
4933
4936
4937
4938
4941
4941
4942
4945
4950
4952
4953
4954
4954
4955
4956
4957
4958
4964
4967
4968
4968
4969
4975
4975
4976
4976
4976
4977
4978
4979
4984
4984
4987
4990
4990
4996
4996
4996
5006
5007
5008
5010
5013
5016
5016
5019
5023
5025
5027
5029
5031
5032
5033
5034
5036
5039
5041
5046
5054
5057
5057
5058
5060
5069
5072
5074
5083
5086
5087
5088
5095
5099
5107
5108
5108
5109
5109
5111
5111
5111
5113
5116
5123
5123
5126
5134
5134
5138
5139
5141
5143
5144
5149
5154
5156
5158
5159
5161
5161
5168
5169
5173
5174
5174
5174
5178
5187
5189
5193
5194
5196
5197
5199
5200
5200
5206
5208
5208
5210
5219
5226
5226
5232
5233
5234
5235
5236
5240
5241
5241
5242
5243
5244
5248
5251
5252
5252
5256
5256
5262
5264
5264
5264
5265
5271
5271
5274
5279
5280
5281
5285
5286
5291
5294
5297
5298
5300
5300
5302
5302
5303
5312
5312
5316
5317
5317
5319
5322
5324
5333
5336
5336
5337
5339
5340
5345
5349
5351
5351
5351
5356
5357
5360
5362
5366
5368
5368
5370
5370
5372
5376
5376
5377
5377
5378
5380
5383
5386
5386
5388
5388
5392
5392
5393
5396
5397
5398
5399
5399
5402
5407
5407
5410
5412
5412
5413
5413
5416
5417
5420
5426
5427
5430
5430
5433
5433
5440
5440
5440
5440
5442
5443
5447
5447
5448
5450
5450
5456
5468
5469
5477
5477
5479
5482
5482
5485
5486
5486
5486
5490
5491
5491
5492
5493
5493
5493
5497
5500
5503
5503
5509
5510
5511
5514
5524
5524
5527
5528
5529
5531
5533
5533
5536
5538
5539
5540
5542
5549
5554
5558
5560
5560
5562
5564
5568
5569
5573
5575
5576
5577
5578
5580
5581
5582
5591
5591
5592
5596
5598
5602
5606
5608
5612
5612
5613
5615
5617
5619
5619
5620
5622
5624
5624
5625
5629
5632
5634
5636
5638
5638
5638
5642
5643
5644
5644
5645
5647
5649
5649
5651
5652
5656
5657
5657
5658
5658
5663
5664
5665
5665
5667
5670
5671
5676
5676
5683
5685
5688
5693
5695
5697
5705
5706
5708
5708
5708
5710
5710
5711
5713
5713
5714
5716
5717
5717
5717
5718
5719
5719
5720
5721
5721
5723
5724
5725
5726
5730
5733
5736
5740
5742
5746
5750
5753
5754
5754
5754
5755
5757
5757
5760
5762
5762
5767
5768
5769
5769
5771
5773
5773
5774
5775
5777
5778
5778
5778
5780
5781
5785
5788
5791
5792
5793
5793
5796
5797
5797
5798
5800
5800
5801
5804
5809
5814
5817
5823
5825
5828
5829
5835
5836
5838
5838
5838
5845
5846
5848
5851
5853
5854
5855
5855
5856
5857
5860
5865
5866
5867
5872
5872
5872
5878
5881
5881
5884
5885
5887
5888
5890
5891
5896
5897
5898
5900
5901
5902
5903
5903
5906
5908
5909
5909
5910
5913
5915
5917
5921
5923
5923
5927
5930
5932
5933
5937
5940
5940
5942
5944
5944
5945
5946
5947
5951
5951
5953
5955
5956
5956
5958
5962
5964
5967
5967
5969
5970
5979
5983
5984
5986
5988
5992
5993
5996
5999
6004
6005
6009
6010
6010
6010
6010
6013
6022
6023
6026
6026
6029
6029
6030
6033
6037
6039
6041
6044
6048
6050
6053
6056
6056
6056
6057
6060
6064
6066
6069
6074
6077
6078
6078
6083
6083
6083
6085
6090
6093
6094
6095
6099
6101
6101
6103
6103
6104
6108
6110
6112
6115
6120
6123
6126
6128
6129
6129
6131
6131
6132
6133
6133
6141
6152
6152
6154
6155
6157
6158
6159
6163
6163
6164
6166
6166
6168
6169
6171
6173
6174
6176
6177
6178
6178
6180
6182
6183
6184
6184
6185
6188
6190
6196
6196
6198
6199
6200
6203
6204
6208
6208
6211
6213
6214
6214
6214
6215
6216
6216
6218
6221
6224
6226
6227
6228
6229
6236
6238
6238
6246
6247
6248
6249
6250
6250
6252
6257
6259
6263
6263
6268
6268
6271
6273
6275
6276
6277
6280
6282
6290
6293
6293
6297
6299
6301
6301
6304
6304
6306
6311
6314
6314
6315
6315
6321
6322
6324
6325
6327
6329
6333
6337
6339
6340
6341
6341
6341
6343
6346
6346
6352
6352
6353
6354
6354
6355
6356
6359
6361
6362
6367
6367
6368
6370
6372
6373
6375
6379
6385
6387
6390
6391
6395
6396
6399
6406
6406
6407
6408
6416
6417
6418
6420
6422
6424
6428
6431
6432
6434
6434
6436
6440
6442
6443
6444
6446
6447
6449
6450
6451
6452
6455
6456
6458
6460
6465
6472
6474
6474
6476
6478
6478
6479
6479
6480
6481
6488
6489
6494
6495
6496
6499
6499
6499
6501
6504
6506
6508
6512
6513
6514
6521
6523
6523
6524
6529
6529
6532
6532
6532
6533
6534
6535
6539
6540
6540
6543
6544
6545
6546
6546
6547
6547
6547
6548
6551
6552
6553
6553
6553
6554
6555
6556
6556
6558
6560
6561
6562
6565
6568
6570
6574
6575
6577
6579
6580
6583
6586
6587
6588
6589
6590
6590
6592
6593
6595
6595
6599
6600
6610
6613
6614
6615
6616
6618
6619
6619
6619
6622
6623
6628
6630
6630
6635
6639
6640
6643
6647
6647
6650
6651
6653
6657
6657
6663
6665
6667
6670
6672
6672
6677
6679
6683
6683
6685
6686
6686
6686
6687
6689
6690
6690
6693
6694
6697
6699
6701
6701
6703
6704
6705
6709
6710
6711
6714
6716
6717
6718
6719
6722
6722
6722
6722
6726
6728
6734
6737
6739
6741
6747
6747
6747
6748
6749
6749
6751
6754
6755
6756
6757
6757
6759
6761
6762
6764
6767
6767
6773
6776
6780
6782
6782
6786
6796
6799
6799
6803
6805
6805
6808
6815
6818
6825
6827
6829
6835
6837
6844
6846
6848
6851
6851
6853
6854
6855
6861
6864
6867
6867
6868
6870
6873
6874
6874
6876
6876
6878
6878
6880
6883
6885
6885
6885
6891
6891
6896
6901
6901
6901
6901
6901
6902
6904
6904
6909
6910
6911
6911
6914
6917
6917
6918
6922
6926
6927
6928
6930
6932
6938
6940
6941
6943
6945
6948
6949
6949
6950
6951
6959
6959
6967
6969
6970
6972
6972
6975
6976
6978
6979
6980
6982
6982
6985
6987
6988
6989
6989
6994
6995
6995
6996
6997
7000
7003
7006
7006
7010
7012
7014
7015
7016
7016
7016
7018
7018
7019
7021
7021
7022
7022
7025
7031
7033
7034
7037
7038
7039
7039
7039
7040
7040
7042
7042
7044
7046
7048
7051
7053
7054
7059
7061
7062
7063
7064
7065
7067
7067
7068
7071
7075
7077
7079
7081
7081
7083
7087
7089
7089
7091
7093
7096
7104
7105
7110
7111
7112
7114
7115
7116
7118
7119
7119
7121
7121
7123
7124
7124
7130
7133
7134
7135
7139
7139
7140
7140
7141
7142
7142
7147
7148
7148
7151
7152
7153
7154
7155
7156
7161
7162
7162
7164
7164
7164
7164
7168
7168
7169
7169
7172
7175
7175
7176
7180
7183
7187
7188
7188
7189
7192
7193
7193
7194
7196
7197
7202
7202
7203
7204
7213
7217
7218
7220
7220
7222
7222
7224
7225
7233
7233
7235
7237
7238
7241
7242
7242
7243
7246
7250
7250
7254
7255
7256
7257
7258
7259
7260
7261
7262
7262
7263
7265
7266
7267
7269
7271
7277
7278
7282
7282
7288
7288
7288
7291
7293
7295
7297
7303
7306
7310
7312
7316
7319
7320
7320
7323
7326
7335
7339
7339
7339
7340
7343
7346
7348
7353
7354
7358
7359
7362
7362
7363
7363
7365
7370
7370
7376
7378
7379
7380
7380
7385
7387
7387
7388
7388
7389
7391
7392
7393
7395
7396
7398
7403
7405
7408
7410
7410
7410
7419
7420
7420
7420
7422
7429
7430
7431
7433
7439
7439
7443
7444
7449
7451
7452
7455
7455
7457
7462
7471
7477
7479
7480
7484
7486
7486
7489
7492
7495
7495
7498
7499
7501
7503
7503
7504
7504
7509
7510
7511
7511
7516
7518
7521
7522
7524
7524
7529
7530
7533
7538
7538
7541
7550
7553
7553
7558
7559
7559
7560
7562
7562
7565
7566
7568
7569
7570
7572
7572
7573
7577
7580
7581
7581
7581
7584
7585
7589
7590
7595
7596
7599
7601
7603
7604
7605
7610
7615
7616
7617
7621
7621
7621
7624
7624
7625
7626
7627
7632
7634
7636
7638
7638
7640
7641
7642
7643
7644
7646
7647
7651
7653
7654
7661
7662
7663
7664
7665
7666
7667
7667
7668
7669
7670
7670
7671
7671
7674
7678
7680
7684
7688
7689
7690
7695
7696
7697
7697
7698
7706
7706
7707
7709
7710
7710
7714
7717
7717
7718
7719
7723
7725
7725
7728
7730
7734
7735
7739
7742
7743
7743
7743
7744
7745
7747
7748
7751
7752
7752
7752
7755
7757
7761
7765
7765
7767
7769
7769
7775
7777
7777
7778
7779
7779
7779
7780
7783
7785
7787
7787
7788
7789
7790
7793
7794
7794
7795
7795
7796
7797
7797
7799
7801
7802
7803
7803
7804
7811
7817
7819
7819
7821
7823
7824
7824
7829
7831
7831
7833
7836
7836
7839
7844
7846
7848
7850
7850
7853
7857
7858
7860
7861
7863
7864
7868
7878
7878
7880
7880
7881
7883
7883
7889
7890
7893
7893
7893
7896
7897
7903
7905
7905
7911
7911
7913
7913
7916
7922
7923
7928
7928
7929
7930
7937
7938
7940
7940
7942
7943
7945
7946
7949
7951
7954
7954
7954
7958
7961
7963
7963
7963
7965
7966
7966
7968
7972
7976
7980
7980
7981
7984
7986
7989
7991
7992
7996
7997
8003
8005
8006
8007
8007
8008
8010
8013
8013
8016
8017
8019
8022
8024
8028
8031
8033
8034
8034
8034
8039
8039
8042
8044
8053
8053
8056
8058
8058
8060
8061
8066
8067
8068
8072
8074
8076
8077
8079
8081
8082
8083
8086
8088
8090
8092
8094
8094
8099
8099
8106
8106
8107
8109
8112
8115
8117
8117
8121
8121
8125
8125
8126
8128
8129
8130
8131
8132
8134
8139
8141
8143
8147
8148
8152
8152
8154
8155
8155
8159
8159
8160
8164
8165
8168
8168
8169
8170
8171
8171
8173
8175
8176
8177
8179
8179
8179
8181
8183
8184
8187
8188
8188
8190
8191
8192
8194
8195
8196
8196
8196
8200
8205
8208
8210
8212
8213
8214
8214
8214
8219
8220
8222
8223
8224
8225
8226
8227
8227
8228
8231
8232
8232
8237
8244
8252
8256
8257
8260
8270
8271
8275
8277
8278
8278
8281
8282
8286
8294
8299
8299
8300
8300
8304
8306
8307
8307
8307
8308
8309
8317
8317
8319
8330
8331
8332
8332
8332
8334
8334
8335
8335
8335
8335
8336
8338
8339
8340
8343
8351
8352
8356
8357
8358
8359
8361
8362
8363
8364
8365
8365
8368
8370
8376
8376
8380
8381
8382
8384
8385
8388
8390
8396
8396
8397
8404
8405
8407
8408
8408
8409
8411
8413
8416
8419
8422
8424
8424
8426
8429
8430
8432
8433
8436
8437
8439
8440
8444
8448
8448
8449
8451
8455
8458
8459
8460
8460
8465
8465
8466
8466
8466
8467
8475
8477
8479
8483
8490
8498
8501
8504
8506
8507
8510
8510
8513
8515
8517
8520
8523
8525
8526
8528
8531
8533
8539
8540
8540
8544
8547
8547
8551
8552
8554
8561
8561
8566
8567
8567
8568
8574
8576
8579
8580
8589
8589
8591
8591
8595
8595
8599
8600
8600
8600
8602
8604
8605
8605
8606
8606
8610
8610
8614
8615
8615
8615
8621
8621
8627
8628
8629
8630
8630
8635
8636
8638
8638
8639
8640
8642
8642
8646
8651
8652
8652
8652
8653
8661
8663
8664
8667
8668
8669
8670
8670
8673
8674
8676
8678
8684
8684
8685
8689
8690
8692
8692
8694
8698
8701
8703
8703
8703
8705
8705
8707
8707
8709
8709
8712
8714
8716
8717
8717
8718
8719
8720
8721
8722
8723
8726
8727
8727
8730
8733
8736
8739
8740
8741
8742
8748
8752
8754
8755
8756
8756
8758
8760
8761
8761
8762
8763
8766
8770
8771
8778
8779
8780
8780
8782
8786
8787
8789
8789
8789
8791
8791
8796
8797
8798
8798
8804
8804
8805
8805
8808
8808
8817
8828
8829
8830
8833
8834
8834
8836
8838
8841
8843
8845
8846
8846
8847
8848
8850
8855
8859
8860
8860
8861
8862
8868
8872
8877
8878
8882
8884
8885
8888
8890
8895
8895
8898
8898
8899
8899
8900
8903
8908
8909
8912
8912
8913
8917
8917
8919
8920
8923
8925
8929
8935
8935
8936
8938
8939
8941
8941
8941
8946
8948
8948
8950
8950
8951
8953
8954
8957
8959
8963
8964
8967
8968
8970
8971
8977
8979
8980
8981
8981
8982
8989
8993
8999
8999
9000
9000
9001
9001
9001
9006
9006
9007
9008
9009
9010
9012
9012
9015
9021
9023
9024
9024
9028
9033
9033
9034
9034
9036
9037
9040
9040
9042
9043
9043
9043
9043
9045
9047
9049
9055
9055
9056
9056
9058
9058
9058
9061
9063
9071
9071
9074
9075
9082
9084
9085
9086
9087
9088
9088
9090
9092
9093
9099
9102
9105
9105
9105
9105
9110
9111
9115
9117
9119
9121
9122
9122
9123
9123
9124
9124
9135
9139
9142
9143
9145
9145
9152
9153
9154
9156
9158
9158
9165
9168
9174
9174
9174
9176
9178
9178
9181
9182
9183
9185
9186
9187
9187
9193
9196
9198
9201
9201
9201
9203
9204
9205
9205
9208
9208
9215
9216
9222
9228
9233
9234
9235
9237
9237
9240
9243
9243
9244
9247
9252
9253
9257
9258
9258
9261
9266
9267
9269
9269
9270
9271
9271
9275
9278
9280
9282
9284
9285
9285
9286
9287
9293
9295
9295
9298
9299
9302
9305
9305
9308
9308
9314
9317
9317
9317
9319
9323
9324
9324
9327
9328
9330
9337
9338
9338
9341
9349
9351
9354
9355
9362
9367
9375
9376
9377
9377
9380
9380
9384
9386
9391
9391
9392
9392
9394
9395
9406
9406
9411
9414
9414
9418
9424
9426
9428
9434
9439
9439
9446
9458
9459
9459
9460
9463
9463
9467
9469
9469
9470
9470
9470
9476
9477
9478
9480
9482
9485
9485
9485
9486
9487
9490
9491
9492
9495
9497
9498
9499
9509
9510
9512
9512
9515
9515
9516
9516
9517
9520
9520
9521
9522
9528
9528
9531
9533
9534
9537
9539
9544
9547
9550
9555
9557
9562
9564
9565
9565
9567
9569
9569
9573
9576
9582
9589
9590
9592
9592
9598
9600
9602
9602
9604
9607
9607
9612
9617
9617
9618
9618
9619
9619
9620
9624
9625
9626
9626
9632
9635
9635
9635
9637
9639
9639
9640
9645
9647
9649
9649
9650
9651
9653
9654
9656
9661
9664
9666
9668
9668
9668
9670
9673
9673
9674
9675
9675
9676
9680
9681
9681
9682
9684
9685
9688
9688
9693
9695
9695
9697
9699
9700
9700
9702
9702
9708
9714
9717
9720
9727
9729
9730
9731
9736
9742
9743
9744
9744
9745
9749
9750
9751
9751
9752
9753
9755
9756
9757
9759
9760
9760
9763
9765
9766
9770
9772
9775
9784
9784
9785
9787
9789
9799
9801
9810
9811
9811
9812
9813
9826
9826
9827
9830
9831
9832
9842
9842
9843
9844
9845
9848
9850
9851
9856
9857
9858
9864
9866
9867
9869
9870
9870
9870
9870
9871
9873
9873
9875
9880
9880
9884
9884
9889
9893
9899
9899
9901
9904
9909
9913
9913
9913
9915
9917
9922
9926
9929
9929
9933
9935
9936
9938
9938
9938
9940
9940
9942
9942
9943
9944
9945
9947
9948
9949
9950
9952
9954
9954
9954
9956
9956
9959
9961
9962
9963
9964
9964
9965
9965
9978
9983
9984
9985
9985
9989
9990
9990
9990
9997
9997
